1403636579763555840.000000 0.000000000 0.000000000 0.000000000 -0.000000000 -0.000000000 -0.000000000 1.000000000
1403636579813555456.000000 0.000207622 0.006055662 0.002847396 0.001297917 0.002528144 -0.000712172 0.999995708
1403636579863555584.000000 0.000283852 0.013742347 0.005680434 -0.000862091 0.004711652 -0.002349490 0.999985814
1403636579963555584.000000 -0.000081559 0.032065023 0.011448534 -0.012161988 0.005553626 -0.002865724 0.999906540
1403636580063555840.000000 -0.000728907 0.052535836 0.017389357 -0.020863058 0.005806678 -0.000646579 0.999765277
1403636580363555584.000000 -0.002268370 0.105847917 0.030513160 -0.039593823 0.003438806 -0.000604936 0.999209821
1403636580513555456.000000 -0.003207710 0.120003007 0.032172501 -0.064459994 0.002834166 -0.002636062 0.997912824
1403636580663555584.000000 -0.004225720 0.107949056 0.028043916 -0.072416872 0.000061474 -0.001058593 0.997373879
1403636583963555584.000000 0.006190645 0.104134440 0.030820772 -0.062788658 0.030039296 -0.010384255 0.997520626
1403636586463555584.000000 0.002316229 0.044251632 -0.011505787 -0.186986387 0.044393852 0.014724246 0.981248438
1403636588013555456.000000 0.115246795 0.031474479 0.005524375 -0.195597678 0.061053514 0.027368566 0.978399217
1403636588163555584.000000 0.130699664 0.033663932 0.007134310 -0.205725804 0.066738471 0.030115968 0.975866795
1403636588363555584.000000 0.140035659 0.035879787 0.008398788 -0.201426342 0.062487926 0.031696409 0.976994395
1403636589813555456.000000 -0.066981599 0.041374125 -0.017310830 -0.194472030 0.009993732 0.008906040 0.980816722
1403636590013555456.000000 -0.094169460 0.046530757 -0.019212108 -0.202010453 -0.008407041 0.008178806 0.979313135
1403636590213555456.000000 -0.107718110 0.046814196 -0.020983202 -0.190492168 -0.018746117 0.006725721 0.981486678
1403636590663555584.000000 -0.069097534 0.042515654 -0.025661895 -0.186509714 0.004259408 0.001351887 0.982442975
1403636591013555456.000000 -0.005802556 0.041026942 -0.022040505 -0.198353365 0.016414199 0.009204996 0.979949892
1403636591213555456.000000 0.029933907 0.039987940 -0.018410811 -0.197441727 0.015284809 0.013482461 0.980102718
1403636591413555712.000000 0.056717914 0.041749921 -0.013438049 -0.202420011 0.022532202 0.017061165 0.978890896
1403636591613555456.000000 0.072367810 0.045993246 -0.005682968 -0.191302240 0.040786996 0.019933470 0.980480790
1403636591813555456.000000 0.079627216 0.046707865 0.002116050 -0.150497600 0.064932309 0.017785186 0.986315370
1403636592013555456.000000 0.085239321 0.043836582 0.008988294 -0.139370367 0.083165698 0.026257431 0.986392379
1403636592213555456.000000 0.096218839 0.040101998 0.023532584 -0.155327201 0.101772971 0.040916272 0.981754363
1403636592413555712.000000 0.102336012 0.033866104 0.043527719 -0.170291692 0.097066104 0.046360597 0.979504824
1403636593613555456.000000 -0.065934867 0.053439885 0.003846225 -0.184348017 -0.096343391 -0.003140904 0.978122652
1403636593813555456.000000 -0.047786139 0.067776136 -0.025766326 -0.197584033 -0.049282223 0.020811291 0.978825212
1403636594013555456.000000 -0.009853925 0.074516803 -0.043676209 -0.179544747 0.028776448 0.049364038 0.982089043
1403636594263555840.000000 0.047275979 0.071710087 -0.041191172 -0.175007716 0.110438228 0.073478453 0.975590408
1403636594463555584.000000 0.092238553 0.063686885 -0.014330680 -0.168373585 0.138868243 0.067036517 0.973587215
1403636596263555840.000000 0.055422556 0.092160910 -0.043696374 -0.172974750 0.064334989 0.026387705 0.982468545
1403636596513555456.000000 0.020838529 0.093761742 -0.082117684 -0.160451308 0.065224849 0.024317205 0.984586120
1403636596713555456.000000 -0.003764696 0.095177725 -0.101684138 -0.161428347 0.062337957 0.017349040 0.984760821
1403636597113555456.000000 0.005252174 0.084178902 -0.053444307 -0.166721106 0.061176494 0.002991090 0.984099865
1403636598213555456.000000 -0.013652807 0.070562489 0.004419864 -0.165515482 -0.073489398 -0.051401500 0.982121110
1403636598463555584.000000 -0.003789854 0.089731075 -0.007102047 -0.188161179 -0.056807954 -0.058901265 0.978723109
1403636598663555584.000000 0.005096900 0.093465388 0.014340498 -0.165155441 -0.066586234 -0.058533605 0.982274830
1403636598913555712.000000 0.013441596 0.100917004 0.052405197 -0.110688150 -0.091486119 -0.050752163 0.988333285
1403636599163555584.000000 0.018191244 0.112269253 0.078377463 -0.063227758 -0.103173956 -0.042730629 0.991731584
1403636599363555584.000000 0.019235274 0.115394756 0.091514118 -0.008265284 -0.103060767 -0.033628695 0.994072080
1403636603963555584.000000 0.023234146 0.125454590 0.103551432 0.019423990 -0.086050473 -0.018527417 0.995929122
1403636624163555584.000000 0.023644220 0.125316411 0.103646576 0.018764887 -0.083076835 -0.017419273 0.996214211
1403636624613555456.000000 0.030799381 0.126610503 0.099418178 -0.006250025 -0.072238714 -0.021541258 0.997135162
1403636624813555456.000000 0.040948529 0.129172951 0.093879707 -0.004044675 -0.065896466 -0.037752472 0.997103870
1403636625063555840.000000 0.056077685 0.123420939 0.077694379 -0.031730682 -0.056296844 -0.069991745 0.995452166
1403636625313555456.000000 0.060063262 0.099726573 0.062013298 -0.030909333 -0.062945396 -0.056739759 0.995923281
1403636625563555840.000000 0.060218111 0.100771584 0.062995024 -0.036050837 -0.066709682 -0.055753618 0.995561004
1403636627463555584.000000 0.076370426 -0.014484817 0.057573043 -0.005452442 -0.083426252 -0.050760299 0.995205402
1403636627713555456.000000 0.087941498 -0.023545368 0.047431003 -0.016844952 -0.065999806 -0.043381292 0.996733844
1403636628013555456.000000 0.105002791 -0.012649055 0.049162962 -0.041669127 -0.031690467 -0.039825343 0.997834325
1403636628963555584.000000 0.166671887 -0.071242593 0.074474864 -0.023515329 -0.006754648 -0.024322717 0.999404728
1403636629263555840.000000 0.200766623 -0.090060353 0.086236343 -0.025513645 0.016794378 -0.018495431 0.999362290
1403636629563555840.000000 0.235731542 -0.099558294 0.107978791 -0.012741559 0.042140234 0.007579281 0.999001682
1403636629813555456.000000 0.275438040 -0.089169085 0.135742649 -0.033118669 0.091760628 0.017931461 0.995068669
1403636630063555840.000000 0.318921596 -0.080900490 0.171171457 -0.035638411 0.136301175 0.030342216 0.989561141
1403636630563555840.000000 0.408993125 -0.122513473 0.241148874 -0.015202766 0.157217026 0.027325116 0.987068892
1403636630813555456.000000 0.449497074 -0.149600908 0.273972571 -0.018977588 0.151401341 0.021809990 0.988049507
1403636631063555840.000000 0.486199856 -0.165744215 0.313947439 -0.017178193 0.144984171 0.026544198 0.988928676
1403636633013555456.000000 0.700883508 -0.208944529 0.641806245 -0.019802229 0.059593029 -0.007687247 0.997996747
1403636633563555840.000000 0.740525186 -0.229572296 0.757643163 -0.030005582 0.024421055 -0.012465460 0.999173641
1403636633863555584.000000 0.763006806 -0.242484421 0.831521511 -0.031354070 0.031684022 -0.006313690 0.998986125
1403636634113555456.000000 0.785908759 -0.266097277 0.897335351 -0.027012898 0.032776464 0.008389320 0.999062359
1403636634413555712.000000 0.825071931 -0.302203238 0.978176057 -0.016885370 0.033923723 -0.010160642 0.999230146
1403636634713555456.000000 0.864135623 -0.328930020 1.061255574 -0.006060594 0.024454137 -0.022584338 0.999427438
1403636635013555456.000000 0.894565821 -0.356618166 1.140295506 -0.016555274 0.005485046 -0.030710073 0.999376178
1403636635263555840.000000 0.915943146 -0.381844103 1.203926802 -0.023484046 -0.003331599 -0.032768700 0.999181509
1403636635513555456.000000 0.935974061 -0.400800496 1.272969604 -0.028133046 -0.010019802 -0.021388656 0.999325097
1403636635763555840.000000 0.958535135 -0.437352270 1.341363549 -0.021904709 -0.010240541 -0.015291238 0.999590695
1403636636013555456.000000 0.985347688 -0.490970731 1.407814741 -0.026130982 -0.010495542 -0.005246556 0.999589682
1403636636313555456.000000 1.027952671 -0.557076871 1.489490986 -0.014143688 -0.002062596 -0.028306499 0.999497116
1403636636613555456.000000 1.069639802 -0.623733044 1.567767382 0.013146226 0.002130460 -0.041697338 0.999041557
1403636636913555712.000000 1.102644801 -0.652522743 1.634638190 0.007416744 0.007354228 -0.061239280 0.998068452
1403636637313555456.000000 1.115667939 -0.658266902 1.710778952 -0.015862256 -0.007378578 -0.033759169 0.999276876
1403636637663555584.000000 1.119538188 -0.683335841 1.769515634 -0.023836801 -0.011870580 -0.032793947 0.999107361
1403636637963555584.000000 1.119775414 -0.732057869 1.815150619 -0.013427636 -0.014152499 -0.034304779 0.999221027
1403636638263555840.000000 1.118668914 -0.751806498 1.869170308 -0.005349302 -0.015742209 -0.034222726 0.999275923
1403636638563555840.000000 1.121467829 -0.747337878 1.926898956 -0.047974505 -0.023347439 -0.013560920 0.998483598
1403636638813555456.000000 1.132343173 -0.760980308 1.983718395 -0.034956519 -0.019591281 -0.029367885 0.998765111
1403636639113555456.000000 1.147133231 -0.802616715 2.056676149 -0.023215352 -0.027807999 -0.008211927 0.999309897
1403636639413555712.000000 1.177565455 -0.815936804 2.142953634 -0.025694599 -0.024793467 -0.016765885 0.999221683
1403636639713555456.000000 1.218748331 -0.814329803 2.238641977 -0.012507320 -0.017285878 -0.043842997 0.998810589
1403636640863555584.000000 1.328032613 -0.882384419 2.498942375 -0.009161788 -0.058176100 -0.051989101 0.996909618
1403636641113555456.000000 1.345764279 -0.896790743 2.539633751 -0.007964787 -0.057506133 -0.052277930 0.996943653
1403636641513555456.000000 1.368625402 -0.898034036 2.604998589 -0.007414523 -0.058316924 -0.039320774 0.997495890
1403636641713555456.000000 1.382114291 -0.899872661 2.632724047 -0.006896115 -0.055191290 -0.046241350 0.997380614
1403636643013555456.000000 1.458214641 -0.938014388 2.725879908 -0.026549671 0.002810280 -0.022182921 0.999397397
1403636643313555456.000000 1.475144625 -0.945298791 2.748044968 -0.011734444 0.001348800 -0.020645395 0.999717116
1403636643663555584.000000 1.499077082 -0.959182978 2.773235559 -0.033764716 -0.001655486 -0.022347976 0.999178588
1403636643963555584.000000 1.521811604 -0.990820348 2.803629398 -0.047707647 -0.002451818 -0.027569860 0.998477757
1403636644763555840.000000 1.603428841 -1.010962725 2.986376286 0.000727105 -0.006707599 -0.011239218 0.999914110
1403636645463555584.000000 1.717906594 -0.992798030 3.153891802 -0.047654040 0.005161252 -0.024966408 0.998538494
1403636645863555584.000000 1.777188301 -1.019680619 3.288463831 -0.037722040 0.005407039 -0.024596820 0.998970926
1403636646063555840.000000 1.804049969 -1.053994656 3.360045910 -0.025864955 0.011764911 -0.013246272 0.999508440
1403636646263555840.000000 1.837048769 -1.093148947 3.429987431 -0.011863300 0.046214391 0.011352575 0.998796642
1403636646463555584.000000 1.877135515 -1.124165297 3.499389648 0.005940437 0.098505594 0.030625518 0.994647384
1403636646663555584.000000 1.918556809 -1.153669357 3.561696529 0.010594812 0.137307972 0.029354451 0.990036666
1403636647013555456.000000 1.988253355 -1.221816063 3.640951872 0.003550996 0.158175185 0.032738317 0.986861825
1403636647363555584.000000 2.054484844 -1.268334866 3.708678007 -0.005523261 0.155061275 0.034295980 0.987293959
1403636647713555456.000000 2.122820377 -1.294471741 3.767072678 0.011904672 0.148650393 0.039980598 0.988009572
1403636648063555840.000000 2.198186636 -1.311706781 3.803272247 0.005449134 0.183319762 0.044940256 0.982010484
1403636648463555584.000000 2.291595936 -1.294782877 3.835281372 0.005567736 0.283076525 0.079782270 0.955757022
1403636649263555840.000000 2.455513954 -1.297816038 3.838300705 0.001313539 0.352017850 0.092967167 0.931363940
1403636649763555840.000000 2.549524546 -1.390156031 3.807519436 0.009310013 0.347947955 0.095947996 0.932544649
1403636650213555456.000000 2.621320486 -1.420835495 3.767782688 0.012664158 0.383789837 0.101153813 0.917776048
1403636650663555584.000000 2.669414997 -1.391496420 3.730966568 -0.004109057 0.474137187 0.141774490 0.868951738
1403636651063555840.000000 2.701596737 -1.371397614 3.688155413 0.007442824 0.500515759 0.140932173 0.854146779
1403636651763555840.000000 2.714905262 -1.373742580 3.593539000 0.012702427 0.486551553 0.140471548 0.862191439
1403636652213555456.000000 2.710681915 -1.323441982 3.519315720 0.011944324 0.562660098 0.172540128 0.808394074
1403636653113555456.000000 2.718471527 -1.231199503 3.328879833 -0.017316073 0.654639304 0.216685340 0.724013150
1403636653363555584.000000 2.743265867 -1.217405081 3.285127878 -0.002757241 0.653736711 0.196540341 0.730747998
1403636653613555456.000000 2.759954453 -1.209979296 3.237944126 -0.000536832 0.646543205 0.192592472 0.738166451
1403636653813555456.000000 2.769878387 -1.209642887 3.202279329 0.005933180 0.645091712 0.185274228 0.741279364
1403636654313555456.000000 2.773479223 -1.180491686 3.129195213 0.007440779 0.656694531 0.196322620 0.728116989
1403636654813555456.000000 2.748468637 -1.174086332 3.042733908 -0.004571447 0.709073246 0.228598803 0.667035878
1403636655363555584.000000 2.710786343 -1.136390805 2.975444317 0.017635934 0.732022345 0.217515230 0.645383239
1403636655513555456.000000 2.692157745 -1.122836590 2.957940578 0.020689044 0.741023719 0.220876783 0.633773804
1403636655663555584.000000 2.667547703 -1.115521431 2.939787626 0.012185731 0.749273300 0.240682051 0.616857529
1403636655913555712.000000 2.625793219 -1.079071760 2.911386013 0.007469448 0.766785085 0.264542967 0.584809244
1403636656063555840.000000 2.603056431 -1.055244207 2.894607544 0.010447808 0.781964123 0.270761997 0.561347365
1403636656163555584.000000 2.587578535 -1.041298628 2.880440235 0.007462691 0.789212465 0.271664292 0.550714493
1403636656263555840.000000 2.572607756 -1.033417106 2.862771511 0.002418542 0.793390095 0.273054957 0.544028759
1403636656513555456.000000 2.537523985 -1.027530909 2.811278105 -0.002439097 0.795691550 0.275708795 0.539308488
1403636656713555456.000000 2.513866901 -1.027261257 2.767893553 0.004620829 0.798614323 0.261242062 0.542168200
1403636656813555456.000000 2.502684832 -1.024095774 2.747168541 0.010730051 0.801016271 0.249828845 0.543914974
1403636657513555456.000000 2.382943153 -0.960225642 2.621945620 0.017525667 0.788986087 0.268069237 0.552569211
1403636657663555584.000000 2.350294352 -0.942081928 2.596117496 0.013894641 0.788093925 0.272059709 0.551994920
1403636657813555456.000000 2.317019463 -0.921064734 2.569142818 0.016855266 0.789976239 0.274084121 0.548207343
1403636657963555584.000000 2.283500910 -0.896712601 2.536855698 0.021394808 0.788167477 0.285655975 0.544733882
1403636658113555456.000000 2.250417233 -0.877367735 2.499597549 0.012431131 0.791637659 0.282629460 0.541549504
1403636658263555840.000000 2.218603849 -0.860453606 2.455077648 -0.000379033 0.796262085 0.274454027 0.539111793
1403636658413555712.000000 2.188987494 -0.840325356 2.411827087 -0.007268690 0.798528552 0.271749288 0.537077069
1403636658513555456.000000 2.170016766 -0.826145649 2.383419752 -0.013255726 0.799860239 0.269301057 0.536213398
1403636658663555584.000000 2.145423174 -0.803669631 2.342445850 -0.021692844 0.802329004 0.263254017 0.535252213
1403636658813555456.000000 2.125283003 -0.779838562 2.303871632 -0.025065277 0.805733740 0.253646046 0.534629345
1403636658963555584.000000 2.108778238 -0.754963040 2.270822525 -0.015536434 0.808054507 0.247199580 0.534508049
1403636659113555456.000000 2.094328880 -0.729299903 2.242861509 -0.003080203 0.808942020 0.244627595 0.534565866
1403636659263555840.000000 2.079254627 -0.702185750 2.218129635 0.001203982 0.809088647 0.243295565 0.534959197
1403636659413555712.000000 2.059450865 -0.677079141 2.197857857 -0.004977567 0.806305766 0.250558108 0.535786331
1403636659513555456.000000 2.047049284 -0.665170670 2.185164213 -0.010502554 0.805227220 0.254276484 0.535576582
1403636659863555584.000000 2.009857655 -0.623160958 2.146101952 -0.006170563 0.809047759 0.249329507 0.532201469
1403636660013555456.000000 1.993514299 -0.599496543 2.137191057 -0.012435337 0.807673156 0.257575393 0.530249298
1403636660163555584.000000 1.980751991 -0.572521329 2.132189035 -0.019878075 0.805650055 0.266921103 0.528475106
1403636660313555456.000000 1.970406294 -0.547109067 2.127683401 -0.025436329 0.803513646 0.273810953 0.527964413
1403636660813555456.000000 1.983035088 -0.481557876 2.112735033 -0.025277454 0.812132776 0.245965600 0.528490603
1403636660963555584.000000 1.994524240 -0.456986099 2.116840839 -0.025447559 0.814916611 0.235727102 0.528863013
1403636661113555456.000000 2.007408857 -0.431127787 2.128030777 -0.013934374 0.813866377 0.238873944 0.529496551
1403636661313555456.000000 2.024199247 -0.400046110 2.149429321 -0.004527173 0.812962890 0.241785675 0.529726744
1403636661463555584.000000 2.033164740 -0.385595560 2.167450428 -0.003394166 0.812655807 0.242212787 0.530011356
1403636661613555456.000000 2.040840626 -0.378534049 2.186613560 -0.001816158 0.810364246 0.248129487 0.530790091
1403636661963555584.000000 2.048201799 -0.388287127 2.228017807 0.017321929 0.807630241 0.251033545 0.533306181
1403636662113555456.000000 2.045751333 -0.402461767 2.242512226 0.016403891 0.808180213 0.249110401 0.533403873
1403636662313555456.000000 2.035285711 -0.415739089 2.262530804 -0.001627992 0.810477912 0.244543791 0.532279372
1403636662663555584.000000 2.018583536 -0.424034059 2.311166525 -0.005297272 0.804267645 0.269693375 0.529519677
1403636662813555456.000000 2.013100863 -0.422232866 2.334505081 0.013831679 0.802506685 0.276473999 0.528539360
1403636663213555456.000000 2.000704765 -0.402732968 2.375366211 0.009606791 0.796160877 0.298686832 0.526138484
1403636663413555712.000000 1.998791456 -0.386816561 2.380286217 -0.027062198 0.801736236 0.284256399 0.525057137
1403636663613555456.000000 2.008494139 -0.364082158 2.384447336 -0.043877035 0.800422966 0.286746293 0.524570704
1403636663763555840.000000 2.026622772 -0.345919132 2.389884233 -0.052936003 0.802037477 0.280475020 0.524659336
1403636664113555456.000000 2.101117134 -0.332307696 2.406217098 -0.051046301 0.811536252 0.238482639 0.530970097
1403636664313555456.000000 2.157305002 -0.341783315 2.429386139 -0.024087032 0.809436381 0.235666350 0.537302613
1403636664513555456.000000 2.214661121 -0.336368799 2.468297720 -0.012477910 0.805817187 0.234266460 0.543711603
1403636664713555456.000000 2.268456697 -0.329381257 2.514607430 0.003125723 0.798719585 0.240340292 0.551610172
1403636664913555712.000000 2.317058802 -0.334235013 2.560168982 -0.004829532 0.794694304 0.240496859 0.557314038
1403636665113555456.000000 2.360313177 -0.348111153 2.606538296 -0.011587600 0.787269771 0.253674388 0.561890841
1403636665363555584.000000 2.417553425 -0.379814029 2.659893990 0.005026100 0.784285545 0.257793695 0.564281344
1403636665613555456.000000 2.471864939 -0.411109686 2.707212687 -0.017643025 0.789098382 0.247618273 0.561869919
1403636665863555584.000000 2.526979446 -0.447225213 2.757279158 -0.008295362 0.793471217 0.241737098 0.558478117
1403636666413555712.000000 2.630939245 -0.503357470 2.882795095 0.017681429 0.792243361 0.248967156 0.556824207
1403636666713555456.000000 2.667537212 -0.529230654 2.944207191 -0.001643958 0.787132502 0.256791532 0.560783207
1403636666963555584.000000 2.693955660 -0.557245731 2.987481356 -0.001034754 0.773879588 0.287755609 0.564186215
1403636667213555456.000000 2.730506897 -0.570553124 3.023409843 0.002292381 0.783066571 0.258861363 0.565501809
1403636668063555840.000000 2.845105410 -0.595524013 3.141058207 -0.002418582 0.779918909 0.268303961 0.565449953
1403636668313555456.000000 2.881987572 -0.590066910 3.172261953 -0.015242960 0.785581172 0.263262838 0.559752285
1403636668613555456.000000 2.938281298 -0.572647274 3.211167812 -0.014672669 0.791143775 0.259270638 0.553764343
1403636668863555584.000000 2.988280535 -0.560501039 3.248680592 -0.026800433 0.799340904 0.241328254 0.549633205
1403636669163555584.000000 3.052954912 -0.573818326 3.304719925 -0.004864283 0.801148772 0.239339843 0.548501134
1403636669413555712.000000 3.101593971 -0.587781847 3.360653877 -0.001352629 0.801811993 0.239819497 0.547341168
1403636669663555584.000000 3.142934561 -0.594952464 3.428095818 0.009736855 0.806031287 0.223361030 0.548022568
1403636669913555712.000000 3.165184259 -0.615383923 3.501034021 0.044216398 0.795980811 0.243946373 0.552222431
1403636670163555584.000000 3.164613485 -0.642380834 3.563297987 0.061366346 0.782420814 0.271478534 0.557091773
1403636670413555712.000000 3.139914274 -0.666117311 3.599598408 0.093193315 0.766551018 0.276297063 0.572166443
1403636671113555456.000000 2.925740957 -0.679002166 3.482925415 0.109140411 0.652513683 0.254182577 0.705482543
1403636671913555712.000000 2.567561865 -0.614549041 2.997539282 -0.062050354 0.569945455 0.210993007 0.791703165
1403636673263555840.000000 2.473968506 -0.553788722 2.638102055 -0.056143206 0.538891375 0.165978774 0.823950887
1403636674163555584.000000 2.564523220 -0.583149612 2.718584061 -0.027621286 0.526034355 0.142154068 0.838043630
1403636675563555840.000000 2.785724163 -0.576536298 3.022579193 -0.032160770 0.472057700 0.115573384 0.873367071
1403636676563555840.000000 2.965004921 -0.590795040 3.343822241 -0.031809468 0.292627752 0.048322167 0.954474807
1403636677163555584.000000 3.026653290 -0.648668766 3.548995733 -0.017472761 0.240947127 0.049785428 0.969102979
1403636677463555584.000000 3.053268671 -0.654841065 3.654712915 0.008206154 0.228495985 0.029373620 0.973067045
1403636678163555584.000000 3.056876659 -0.717805982 3.810155153 -0.011265685 0.074647099 0.016062455 0.997017026
1403636678763555840.000000 3.083818674 -0.770485580 3.896464109 -0.013640173 -0.028433010 -0.053103454 0.998090982
1403636679863555584.000000 3.027594566 -0.817295313 3.983346939 -0.000982424 -0.246869072 -0.109737255 0.962814867
1403636680063555840.000000 3.021235466 -0.847457230 3.977355957 0.012582717 -0.242474243 -0.131797165 0.961081386
1403636680263555840.000000 3.010233641 -0.872876406 3.960131884 0.020326016 -0.236260489 -0.141633734 0.961097181
1403636680463555584.000000 2.994040251 -0.883536696 3.934485674 0.016882565 -0.224472955 -0.158619195 0.961336017
1403636680713555456.000000 2.956726074 -0.880470634 3.888494015 0.007257004 -0.220891386 -0.149298728 0.963776052
1403636681213555456.000000 2.855984211 -0.834521294 3.786560059 -0.037657697 -0.228617623 -0.114096828 0.966073394
1403636681463555584.000000 2.800967455 -0.814574718 3.746766090 -0.006481503 -0.231988534 -0.112584658 0.966159463
1403636681763555840.000000 2.731099367 -0.800654054 3.693091869 -0.002760102 -0.234683096 -0.117755920 0.964909196
1403636682013555456.000000 2.673922539 -0.782817304 3.644837856 -0.001111581 -0.239857107 -0.115307659 0.963935435
1403636682513555456.000000 2.559417009 -0.759800196 3.530192375 -0.017680272 -0.240616634 -0.112162307 0.963955760
1403636682763555840.000000 2.505046129 -0.739899814 3.481840134 -0.001047602 -0.237515643 -0.109781206 0.965159774
1403636683113555456.000000 2.431014538 -0.723619878 3.400428772 0.005277910 -0.231011122 -0.117171407 0.965855539
1403636683363555584.000000 2.376301289 -0.699433982 3.335691690 -0.000596898 -0.236482009 -0.110461436 0.965336323
1403636683663555584.000000 2.313212633 -0.659418106 3.260010719 -0.006970991 -0.241509661 -0.109472528 0.964178562
1403636683913555712.000000 2.262297869 -0.625987768 3.196538925 -0.018934282 -0.244441167 -0.111276843 0.963071883
1403636684213555456.000000 2.203760386 -0.609982610 3.115963459 -0.010873517 -0.250774145 -0.109683186 0.961750329
1403636684763555840.000000 2.108896732 -0.581036508 2.974066973 -0.001600620 -0.260307491 -0.099738538 0.960359156
1403636685663555584.000000 2.006279230 -0.487255901 2.734801531 -0.009617020 -0.240912080 -0.116764694 0.963449478
1403636685913555712.000000 1.975257397 -0.450828075 2.670146465 -0.004405595 -0.239327237 -0.120361887 0.963439763
1403636686213555456.000000 1.932136774 -0.409312665 2.586946249 -0.015441839 -0.243279457 -0.109284848 0.963656306
1403636687963555584.000000 1.730598569 -0.251825035 2.226702690 -0.006119834 -0.251803726 -0.106055602 0.961930215
1403636688863555584.000000 1.669632673 -0.094244383 2.084831238 -0.007655522 -0.249578074 -0.128583580 0.959749162
1403636689113555456.000000 1.642368317 -0.063058197 2.035625219 -0.019009514 -0.269304961 -0.123526357 0.954910874
1403636689363555584.000000 1.608751535 -0.048619352 1.987050772 -0.026069989 -0.282809526 -0.123487368 0.950836539
1403636689613555456.000000 1.572661638 -0.055895180 1.940460443 -0.031348519 -0.288280517 -0.124105267 0.948951840
1403636689863555584.000000 1.535934687 -0.066631123 1.904100776 -0.049323950 -0.291987240 -0.107416198 0.949090302
1403636690113555456.000000 1.500532389 -0.076026075 1.890838027 -0.046024993 -0.289470315 -0.102591015 0.950559735
1403636690463555584.000000 1.461445332 -0.100479074 1.900790215 -0.039206043 -0.282093644 -0.117804550 0.951319158
1403636690713555456.000000 1.430829883 -0.122082569 1.921343923 -0.038944911 -0.291145533 -0.088726267 0.951759040
1403636690963555584.000000 1.412106514 -0.123919308 1.965329647 -0.020589869 -0.303475499 -0.051458362 0.951225877
1403636691113555456.000000 1.414496660 -0.127934739 1.997424006 0.002991713 -0.307004184 -0.044207294 0.950676203
1403636691363555584.000000 1.454556346 -0.147421807 2.042469501 0.031287692 -0.296619028 -0.085648380 0.950632751
1403636691663555584.000000 1.532344341 -0.191233516 2.072674274 -0.003198260 -0.295992553 -0.112705112 0.948512435
1403636692013555456.000000 1.631104589 -0.240891635 2.097641945 0.000648538 -0.297153592 -0.115202568 0.947854280
1403636692363555584.000000 1.727686405 -0.287879169 2.112647772 -0.003302488 -0.292280734 -0.122415721 0.948459566
1403636692763555840.000000 1.831396937 -0.373757422 2.105386257 -0.008590824 -0.281203091 -0.138092935 0.949621737
1403636693263555840.000000 1.922704458 -0.452277243 2.084741831 -0.020242026 -0.280494899 -0.141685262 0.949124992
1403636693613555456.000000 1.955353022 -0.478016883 2.081680536 -0.058229674 -0.285019517 -0.136232167 0.947002649
1403636693963555584.000000 1.961486816 -0.498497635 2.109271526 -0.025094677 -0.290111065 -0.128118590 0.948046148
1403636694413555712.000000 1.962512374 -0.526502788 2.156113148 -0.012426816 -0.294079274 -0.124482974 0.947558403
1403636694813555456.000000 1.964874029 -0.542599261 2.192380428 -0.012884641 -0.291524112 -0.124016315 0.948402643
1403636695713555456.000000 1.988797665 -0.569887757 2.281769514 -0.006201875 -0.277262211 -0.129526481 0.952003181
1403636696263555840.000000 1.994959950 -0.561651409 2.324856520 -0.019979725 -0.269798547 -0.134068757 0.953328490
1403636696663555584.000000 1.992252111 -0.552053630 2.347783089 -0.000454039 -0.273875356 -0.115484856 0.954806447
1403636697113555456.000000 1.996329784 -0.540273428 2.348417044 0.004110231 -0.262551069 -0.145535469 0.953870833
1403636697763555840.000000 1.949988484 -0.560356200 2.271630287 -0.014182630 -0.236121207 -0.122463368 0.963871539
1403636699363555584.000000 1.716725469 -0.443615198 2.124098778 -0.019653143 0.091256738 0.029712684 0.995190024
1403636700413555712.000000 1.689283609 -0.379130691 2.079764128 -0.011403958 0.237095609 0.086080819 0.967597902
1403636701563555840.000000 1.795764208 -0.281189620 2.014338017 -0.015764158 0.283604264 0.078333855 0.955606639
1403636702563555840.000000 1.919012904 -0.222472966 1.996648550 -0.021914264 0.389700681 0.112304747 0.913805664
1403636703663555584.000000 2.085813999 -0.127377391 2.060534716 -0.013545379 0.390499562 0.109840505 0.913926542
1403636704463555584.000000 2.219792604 -0.109381735 2.085051537 -0.024606863 0.379228622 0.111845106 0.918188930
1403636705213555456.000000 2.380017996 -0.105039954 2.166753054 -0.036388185 0.375462562 0.102578588 0.920424640
1403636705863555584.000000 2.540305138 -0.128151804 2.325851917 -0.021845125 0.375221014 0.104361936 0.920782566
1403636706413555712.000000 2.680714607 -0.156666100 2.464728832 -0.011925031 0.371262878 0.096232347 0.923450649
1403636706913555712.000000 2.801351070 -0.184081137 2.584221363 -0.032362696 0.373389304 0.098580837 0.921854079
1403636707813555456.000000 2.990382910 -0.343406469 2.839633465 -0.025753552 0.381100118 0.120300092 0.916311860
1403636708313555456.000000 3.107684612 -0.371832550 3.020478249 -0.006718918 0.372238934 0.113232754 0.921179354
1403636708863555584.000000 3.245421410 -0.389452368 3.189066410 -0.000579948 0.383340687 0.091778174 0.919035554
1403636709413555712.000000 3.343270540 -0.426515430 3.317938805 -0.011493574 0.398636103 0.089547470 0.912654638
1403636709913555712.000000 3.382175446 -0.449340165 3.446072578 -0.016857898 0.393592447 0.089660652 0.914746821
1403636710313555456.000000 3.385223389 -0.481466860 3.563290596 -0.009151936 0.383304685 0.092061251 0.918976903
1403636710713555456.000000 3.374347925 -0.479102075 3.689994335 0.003718989 0.332728863 0.107236773 0.936898112
1403636711513555456.000000 3.339667559 -0.501168787 3.871757984 0.017746365 0.269129992 0.048562158 0.961715102
1403636712013555456.000000 3.259678125 -0.541864753 3.929891586 0.011177357 0.272165179 0.069931835 0.959640980
1403636712413555712.000000 3.177180529 -0.583361626 3.939114571 0.009562037 0.252713442 0.046686854 0.966366827
1403636712863555584.000000 3.066220284 -0.636965752 3.913862228 0.020544274 0.213593811 0.034854982 0.976084411
1403636713313555456.000000 2.942365170 -0.655254364 3.856337309 0.007813581 0.206021935 0.039427381 0.977721572
1403636714363555584.000000 2.683077812 -0.690775096 3.637325764 -0.001381412 0.218331635 0.060988288 0.973966062
1403636715013555456.000000 2.581518888 -0.654739141 3.509068012 -0.031246876 0.127847701 0.017737800 0.991142809
1403636717013555456.000000 2.465029240 -0.610876322 3.228219509 -0.007133167 0.042666685 -0.010023461 0.999013662
1403636717813555456.000000 2.419375658 -0.562747300 3.071682930 -0.008148482 -0.018249117 -0.055443887 0.998261750
1403636718563555840.000000 2.282192469 -0.490682036 2.918274403 -0.015167581 -0.135610119 -0.066636898 0.988402426
1403636719113555456.000000 2.189154625 -0.410442621 2.837286711 -0.008643977 -0.166663006 -0.087385304 0.982096016
1403636719613555456.000000 2.117772579 -0.362199068 2.752107143 0.001184107 -0.165113002 -0.073806167 0.983508468
1403636720113555456.000000 2.067261696 -0.319544792 2.656004190 -0.014357304 -0.152265668 -0.070687301 0.985704005
1403636720763555840.000000 2.027509451 -0.258864164 2.560066938 -0.016891107 -0.156117663 -0.067844003 0.985260963
1403636721263555840.000000 2.020340681 -0.231979609 2.504328489 -0.005204286 -0.093513727 -0.042789344 0.994684458
1403636722063555840.000000 2.040534735 -0.190504283 2.410081863 -0.005157645 -0.034474950 -0.045635726 0.998349786
1403636723063555840.000000 2.039262533 -0.143737182 2.269085407 -0.008306814 -0.025523173 -0.035507977 0.999008894
1403636724163555584.000000 2.001745939 -0.105346188 2.094215631 -0.023574403 0.042859074 -0.010017322 0.998752713
1403636725263555840.000000 1.950427651 -0.125635371 1.946007729 -0.013294936 0.113161571 0.025558328 0.993158877
1403636728363555584.000000 1.853471637 -0.277503431 1.598857641 -0.001299698 0.098046221 -0.000807889 0.995180726
1403636729563555840.000000 1.718525529 -0.235316351 1.409707546 0.000078277 0.029255204 -0.022600377 0.999316454
1403636730763555840.000000 1.562937737 -0.176687613 1.195204735 -0.035453286 0.026026178 -0.017838938 0.998873115
1403636731963555584.000000 1.500598907 -0.153315395 1.125488639 -0.007517922 0.025686158 -0.008787809 0.999603152
1403636733063555840.000000 1.484457493 -0.086508431 1.032271504 0.007249342 0.025514251 -0.028710857 0.999235809
1403636734213555456.000000 1.346703172 -0.067622311 0.800236523 -0.004205528 0.021746380 -0.025986336 0.999416888
1403636735413555712.000000 1.187782049 -0.035024635 0.598003566 -0.022650648 0.013406558 -0.015345801 0.999535739
1403636736813555456.000000 1.054527998 -0.097713962 0.477228254 -0.003217707 -0.022448391 -0.055180304 0.998218834
1403636737563555840.000000 0.950891733 -0.058005162 0.421060473 -0.017625401 -0.045920864 -0.040755685 0.997957706
1403636739313555456.000000 0.899228990 -0.096075095 0.387935907 -0.007708389 0.144345462 0.038396120 0.988752127
1403636739913555712.000000 0.955716372 -0.070221692 0.403993189 -0.006917849 0.241969556 0.068541124 0.967835248
1403636740613555456.000000 1.012802958 0.003475489 0.426470608 -0.001817358 0.232625633 0.057595868 0.970857739
1403636741363555584.000000 1.057021976 0.110528916 0.438389778 -0.000324847 0.246729895 0.061610736 0.967123747
1403636742113555456.000000 1.086137772 0.208354577 0.449033678 -0.026179995 0.251097709 0.052118413 0.966203034
1403636742913555712.000000 1.116444111 0.238247111 0.490774214 -0.000176202 0.231577262 0.058198255 0.971074104
1403636743713555456.000000 1.180645466 0.299638510 0.570748091 -0.024171725 0.254777938 0.070096411 0.964152753
1403636744413555712.000000 1.268729687 0.392435193 0.707484841 0.005060669 0.291087031 0.086506069 0.952764094
1403636745513555456.000000 1.390874624 0.605504274 0.850299954 0.002281073 0.276220888 0.069848262 0.958549976
1403636746563555840.000000 1.411678672 0.550094187 0.871033370 0.006844851 0.315451890 0.070172235 0.946318746
1403636747863555584.000000 1.343076825 0.448744267 0.937979877 -0.011165781 0.311383218 0.081757039 0.946695089
1403636749363555584.000000 1.345160007 0.269957423 1.013414979 0.004975758 0.328555197 0.100798056 0.939077437
1403636750563555840.000000 1.340972662 0.175548106 0.967327714 0.002920695 0.309748948 0.077489920 0.947650969
1403636752063555840.000000 1.229560494 -0.075864904 0.832621932 -0.028340466 0.281905949 0.083572708 0.955375016
1403636753263555840.000000 1.228262186 -0.192943200 0.794080079 -0.013256541 0.075427398 -0.024104660 0.996771753
1403636754313555456.000000 1.135581851 -0.191605076 0.781671226 0.009676162 0.022586346 -0.031971153 0.999186695
1403636756163555584.000000 0.770053446 -0.149976611 0.534918785 -0.005099323 -0.054981396 -0.054535549 0.996983886
1403636756863555584.000000 0.599652410 -0.121735387 0.423667789 0.001673437 -0.062211126 -0.053301249 0.996637344
1403636757763555840.000000 0.382429093 -0.069428153 0.233833194 -0.034904212 -0.080751859 -0.069150023 0.993719816
1403636758413555712.000000 0.206136122 -0.082961880 0.124815233 -0.011650207 -0.105113022 -0.056705747 0.992773890
1403636759563555840.000000 0.026528846 0.002994617 0.087231420 -0.002479459 -0.108797535 -0.045546439 0.993016899
1403636760713555456.000000 0.024144167 0.078617930 0.053343765 -0.019867288 -0.102775887 -0.069494560 0.992075026
1403636761163555584.000000 0.013696989 0.108900987 0.040395323 -0.033266895 -0.104877502 -0.069440030 0.991499960
1403636761663555584.000000 -0.018044319 0.117710508 0.045235414 -0.007914381 -0.107113555 -0.061206974 0.992329478
1403636762113555456.000000 -0.036908250 0.106839605 0.046945024 -0.004339498 -0.099461459 -0.074238129 0.992258728
1403636762513555456.000000 -0.059946693 0.106766924 0.046857215 -0.036537521 -0.103386663 -0.054660186 0.992465913
1403636763013555456.000000 -0.059864253 0.122636594 0.115343347 -0.000949296 -0.092989251 -0.034047350 0.995084345
1403636763363555584.000000 -0.060641188 0.138764799 0.062270038 0.004410885 -0.069330335 -0.009788139 0.997536004
